0.0000 0.0000 0.0000 0.0000 0.0000 0.0000 0.0000 0.0000 0.0000 0.0000 0.0000 0.0000 0.0000
0.0000 0.0000 0.0000 0.0000 0.0000 0.0000 0.0000 0.0000 0.0000 0.0000 0.0000 0.0000 0.0000
0.0000 0.0000 0.0000 0.0000 0.0000 1600.0000 1600.0000 1600.0000 1600.0000 1600.0000 1600.0000 1600.0000 1600.0000
0.0000 0.0000 0.0000 0.0000 0.0000 1600.0000 1600.0000 1600.0000 1600.0000 1600.0000 1600.0000 1600.0000 1600.0000
0.0000 0.0000 0.0000 0.0000 0.0000 1600.0000 1600.0000 1600.0000 1600.0000 1600.0000 1600.0000 1600.0000 1600.0000
0.0000 0.0000 0.0000 1600.0000 1600.0000 1600.0000 1600.0000 1600.0000 1600.0000 1600.0000 1600.0000 1600.0000 1600.0000
1600.0000 1600.0000 1600.0000 1600.0000 1600.0000 1600.0000 1600.0000 1600.0000 1600.0000 1600.0000 1600.0000 1600.0000 1600.0000
1600.0000 1600.0000 1600.0000 1600.0000 1600.0000 1600.0000 1600.0000 1600.0000 1600.0000 1600.0000 1600.0000 1600.0000 1600.0000
2100.0000 1600.0000 1600.0000 1600.0000 2100.0000 2100.0000 2100.0000 2100.0000 1600.0000 1600.0000 1600.0000 1600.0000 1600.0000
2100.0000 2100.0000 1600.0000 1600.0000 2100.0000 2100.0000 2100.0000 2100.0000 2100.0000 1600.0000 1600.0000 1600.0000 1600.0000
2100.0000 2100.0000 2100.0000 1600.0000 2100.0000 2100.0000 2100.0000 2100.0000 2100.0000 2100.0000 1600.0000 1600.0000 1600.0000
2100.0000 2100.0000 2100.0000 2100.0000 2100.0000 2100.0000 2100.0000 2100.0000 2100.0000 2100.0000 2100.0000 2100.0000 2100.0000
2100.0000 2100.0000 2100.0000 2100.0000 2100.0000 2100.0000 2100.0000 2100.0000 2100.0000 2100.0000 2100.0000 2100.0000 2100.0000
