0.0000 0.0000 0.0000 0.0000 0.0000 0.0000 0.0000 0.0000 0.0000 0.0000 0.0000 0.0000 0.0000
0.0000 0.0000 0.0000 0.0000 0.0000 0.0000 0.0000 0.0000 0.0000 0.0000 0.0000 0.0000 0.0000
0.0000 0.0000 0.0000 0.0000 0.0000 300.0000 300.0000 300.0000 300.0000 300.0000 300.0000 300.0000 300.0000
0.0000 0.0000 0.0000 0.0000 0.0000 300.0000 300.0000 300.0000 300.0000 300.0000 300.0000 300.0000 300.0000
0.0000 0.0000 0.0000 0.0000 0.0000 300.0000 300.0000 300.0000 300.0000 300.0000 300.0000 300.0000 300.0000
0.0000 0.0000 0.0000 300.0000 300.0000 300.0000 300.0000 300.0000 300.0000 300.0000 300.0000 300.0000 300.0000
300.0000 300.0000 300.0000 300.0000 300.0000 300.0000 300.0000 300.0000 300.0000 300.0000 300.0000 300.0000 300.0000
300.0000 300.0000 300.0000 300.0000 300.0000 300.0000 300.0000 300.0000 300.0000 300.0000 300.0000 300.0000 300.0000
400.0000 300.0000 300.0000 300.0000 400.0000 400.0000 400.0000 400.0000 300.0000 300.0000 300.0000 300.0000 300.0000
400.0000 400.0000 300.0000 300.0000 400.0000 400.0000 400.0000 400.0000 400.0000 300.0000 300.0000 300.0000 300.0000
400.0000 400.0000 400.0000 300.0000 400.0000 400.0000 400.0000 400.0000 400.0000 400.0000 300.0000 300.0000 300.0000
400.0000 400.0000 400.0000 400.0000 400.0000 400.0000 400.0000 400.0000 400.0000 400.0000 400.0000 400.0000 400.0000
400.0000 400.0000 400.0000 400.0000 400.0000 400.0000 400.0000 400.0000 400.0000 400.0000 400.0000 400.0000 400.0000
