0.0000 0.0000 0.0000 0.0000 0.0000 0.0000 0.0000 0.0000 0.0000 0.0000 0.0000 0.0000 0.0000
0.0000 0.0000 0.0000 0.0000 0.0000 0.0000 0.0000 0.0000 0.0000 0.0000 0.0000 0.0000 0.0000
0.0000 0.0000 0.0000 0.0000 0.0000 800.0000 800.0000 800.0000 800.0000 800.0000 800.0000 800.0000 800.0000
0.0000 0.0000 0.0000 0.0000 0.0000 800.0000 800.0000 800.0000 800.0000 800.0000 800.0000 800.0000 800.0000
0.0000 0.0000 0.0000 0.0000 0.0000 800.0000 800.0000 800.0000 800.0000 800.0000 800.0000 800.0000 800.0000
0.0000 0.0000 0.0000 800.0000 800.0000 800.0000 800.0000 800.0000 800.0000 800.0000 800.0000 800.0000 800.0000
800.0000 800.0000 800.0000 800.0000 800.0000 800.0000 800.0000 800.0000 800.0000 800.0000 800.0000 800.0000 800.0000
800.0000 800.0000 800.0000 800.0000 800.0000 800.0000 800.0000 800.0000 800.0000 800.0000 800.0000 800.0000 800.0000
1700.0000 800.0000 800.0000 800.0000 1700.0000 1700.0000 1700.0000 1700.0000 800.0000 800.0000 800.0000 800.0000 800.0000
1700.0000 1700.0000 800.0000 800.0000 1700.0000 1700.0000 1700.0000 1700.0000 1700.0000 800.0000 800.0000 800.0000 800.0000
1700.0000 1700.0000 1700.0000 800.0000 1700.0000 1700.0000 1700.0000 1700.0000 1700.0000 1700.0000 800.0000 800.0000 800.0000
1700.0000 1700.0000 1700.0000 1700.0000 1700.0000 1700.0000 1700.0000 1700.0000 1700.0000 1700.0000 1700.0000 1700.0000 1700.0000
1700.0000 1700.0000 1700.0000 1700.0000 1700.0000 1700.0000 1700.0000 1700.0000 1700.0000 1700.0000 1700.0000 1700.0000 1700.0000
